,www.nytimes.com,static01.nytimes.com,purr.nytimes.com,nytimes.com,nyt.com,g1.nyt.com,a.nytimes.com,wikipedia.org,wikimedia.org,upload.wikimedia.org,en.wikipedia.org,mmg.whatsapp.net,media-lhr8-2.cdn.whatsapp.net,media-lhr8-1.cdn.whatsapp.net,media-lhr6-2.cdn.whatsapp.net,media-lhr6-1.cdn.whatsapp.net,media-ams4-1.cdn.whatsapp.net,media-ams2-1.cdn.whatsapp.net,www.cat.com,scene7.com,s7d2.scene7.com,www.netflix.com,web.prod.cloud.netflix.com,occ-0-768-769.1.nflxso.net,nflxvideo.net,nflxso.net,netflix.com
www.nytimes.com,1.0,0.21001322086661445,0.8687440089726067,1.0920728870304148e-05,0.43329003572229563,0.43329003572229563,0.9506474531044262,1.0,1.0,1.0,1.0,1.0,1.0,1.0,1.0,1.0,0.9998003013080743,1.0,0.9989066932355246,1.0,1.0,1.0,0.9999756967813106,0.9953196537384074,0.659031804840492,0.98371038789693,0.9896228372586106
static01.nytimes.com,0.21001322086661445,1.0,0.9850325439820455,3.4334871592351668e-06,0.8070643157854503,0.8070643157854503,0.9883216373411897,1.0,1.0,1.0,1.0,1.0,1.0,1.0,1.0,1.0,1.0,1.0,0.9981139784516425,1.0,1.0,1.0,1.0,0.9999952684352184,0.9094861013156097,0.9999834295598191,0.9992570668947444
purr.nytimes.com,0.8687440089726067,0.9850325439820455,1.0,0.864616609901312,0.9919791184378103,0.9919791184378103,0.9992531366879994,1.0,1.0,1.0,1.0,1.0,1.0,1.0,1.0,1.0,1.0,1.0,1.0,1.0,1.0,1.0,1.0,1.0,0.9848230710430466,1.0,0.9999985795248638
nytimes.com,1.0920728870304148e-05,3.4334871592351668e-06,0.864616609901312,1.0,0.2127725155528075,0.2127725155528075,0.8638307391839612,1.0,1.0,1.0,1.0,1.0,1.0,1.0,1.0,1.0,1.0,1.0,0.9806887318298572,1.0,1.0,1.0,0.9999989955484506,0.9993174545829813,0.41036245113790054,0.9976122305522496,0.9933308724987603
nyt.com,0.43329003572229563,0.8070643157854503,0.9919791184378103,0.2127725155528075,1.0,0.8279535723993162,0.9811557629110079,1.0,1.0,1.0,1.0,1.0,1.0,1.0,1.0,1.0,1.0,1.0,0.9994285903932968,1.0,1.0,1.0,0.999998479521731,0.9992877401066234,0.9899806911954531,0.9975084949236174,0.9998801455003195
g1.nyt.com,0.43329003572229563,0.8070643157854503,0.9919791184378103,0.2127725155528075,0.8279535723993162,1.0,0.9811557629110079,1.0,1.0,1.0,1.0,1.0,1.0,1.0,1.0,1.0,1.0,1.0,0.9994285903932968,1.0,1.0,1.0,0.999998479521731,0.9992877401066234,0.9899806911954531,0.9975084949236174,0.9998801455003195
a.nytimes.com,0.9506474531044262,0.9883216373411897,0.9992531366879994,0.8638307391839612,0.9811557629110079,0.9811557629110079,1.0,1.0,1.0,1.0,1.0,1.0,1.0,1.0,1.0,1.0,1.0,1.0,0.9987458143301127,1.0,1.0,1.0,0.9999994977740992,0.9996799540889185,0.9868680185306975,0.9988798830408405,0.9999994977740992
wikipedia.org,1.0,1.0,1.0,1.0,1.0,1.0,1.0,1.0,0.7113811288304666,0.7113811288304666,0.8661252112855752,1.0,1.0,1.0,1.0,1.0,1.0,1.0,1.0,1.0,1.0,1.0,1.0,1.0,1.0,1.0,1.0
wikimedia.org,1.0,1.0,1.0,1.0,1.0,1.0,1.0,0.7113811288304666,1.0,0.14022102101010897,0.7113811288304663,1.0,1.0,1.0,1.0,1.0,1.0,1.0,1.0,1.0,1.0,0.9995671789766557,0.9995047058626756,0.9999060189917389,1.0,0.9996826692254175,0.9990096570416338
upload.wikimedia.org,1.0,1.0,1.0,1.0,1.0,1.0,1.0,0.7113811288304666,0.14022102101010897,1.0,0.7113811288304663,1.0,1.0,1.0,1.0,1.0,1.0,1.0,1.0,1.0,1.0,0.9995671789766557,0.9995047058626756,0.9999060189917389,1.0,0.9996826692254175,0.9990096570416338
en.wikipedia.org,1.0,1.0,1.0,1.0,1.0,1.0,1.0,0.8661252112855752,0.7113811288304663,0.7113811288304663,1.0,1.0,1.0,1.0,1.0,1.0,1.0,1.0,1.0,1.0,1.0,1.0,1.0,1.0,1.0,1.0,1.0
mmg.whatsapp.net,1.0,1.0,1.0,1.0,1.0,1.0,1.0,1.0,1.0,1.0,1.0,1.0,0.9829956743182442,0.9830972302844241,0.9831170697918903,0.9831176509542351,0.9802592209031737,0.984455302613274,1.0,1.0,1.0,1.0,1.0,1.0,1.0,1.0,1.0
media-lhr8-2.cdn.whatsapp.net,1.0,1.0,1.0,1.0,1.0,1.0,1.0,1.0,1.0,1.0,1.0,0.9829956743182442,1.0,0.9798112598256931,0.9798252671225579,0.9798248991255961,0.9775244182426684,0.9827795267024281,1.0,1.0,1.0,1.0,1.0,1.0,1.0,1.0,1.0
media-lhr8-1.cdn.whatsapp.net,1.0,1.0,1.0,1.0,1.0,1.0,1.0,1.0,1.0,1.0,1.0,0.9830972302844241,0.9798112598256931,1.0,0.979794017986403,0.9797937451631713,0.9775910693065054,0.9828809685654986,1.0,1.0,1.0,1.0,1.0,1.0,1.0,1.0,1.0
media-lhr6-2.cdn.whatsapp.net,1.0,1.0,1.0,1.0,1.0,1.0,1.0,1.0,1.0,1.0,1.0,0.9831170697918903,0.9798252671225579,0.979794017986403,1.0,0.9797934260369013,0.9776047590212065,0.9829007960071213,1.0,1.0,1.0,1.0,1.0,1.0,1.0,1.0,1.0
media-lhr6-1.cdn.whatsapp.net,1.0,1.0,1.0,1.0,1.0,1.0,1.0,1.0,1.0,1.0,1.0,0.9831176509542351,0.9798248991255961,0.9797937451631713,0.9797934260369013,1.0,0.9776049639586418,0.9829014861769078,1.0,1.0,1.0,1.0,1.0,1.0,1.0,1.0,1.0
media-ams4-1.cdn.whatsapp.net,0.9998003013080743,1.0,1.0,1.0,1.0,1.0,1.0,1.0,1.0,1.0,1.0,0.9802592209031737,0.9775244182426684,0.9775910693065054,0.9776047590212065,0.9776049639586418,1.0,0.9800489449345414,1.0,1.0,1.0,1.0,1.0,1.0,0.9998922897577265,0.9998958429923458,0.9998922897577265
media-ams2-1.cdn.whatsapp.net,1.0,1.0,1.0,1.0,1.0,1.0,1.0,1.0,1.0,1.0,1.0,0.984455302613274,0.9827795267024281,0.9828809685654986,0.9829007960071213,0.9829014861769078,0.9800489449345414,1.0,1.0,1.0,1.0,1.0,1.0,1.0,1.0,1.0,1.0
www.cat.com,0.9989066932355246,0.9981139784516425,1.0,0.9806887318298572,0.9994285903932968,0.9994285903932968,0.9987458143301127,1.0,1.0,1.0,1.0,1.0,1.0,1.0,1.0,1.0,1.0,1.0,1.0,0.8112387001110589,0.8112387001110589,1.0,0.9999994429910332,0.9999804107152428,0.9990061882446974,0.9999314311425136,0.9999994429910332
scene7.com,1.0,1.0,1.0,1.0,1.0,1.0,1.0,1.0,1.0,1.0,1.0,1.0,1.0,1.0,1.0,1.0,1.0,1.0,0.8112387001110589,1.0,0.5745286591656553,1.0,1.0,1.0,1.0,1.0,1.0
s7d2.scene7.com,1.0,1.0,1.0,1.0,1.0,1.0,1.0,1.0,1.0,1.0,1.0,1.0,1.0,1.0,1.0,1.0,1.0,1.0,0.8112387001110589,0.5745286591656553,1.0,1.0,1.0,1.0,1.0,1.0,1.0
www.netflix.com,1.0,1.0,1.0,1.0,1.0,1.0,1.0,1.0,0.9995671789766557,0.9995671789766557,1.0,1.0,1.0,1.0,1.0,1.0,1.0,1.0,1.0,1.0,1.0,1.0,0.798859208126346,0.40701109099176,0.11148023151709187,0.04014273878480258,0.632141242040934
web.prod.cloud.netflix.com,0.9999756967813106,1.0,1.0,0.9999989955484506,0.999998479521731,0.999998479521731,0.9999994977740992,1.0,0.9995047058626756,0.9995047058626756,1.0,1.0,1.0,1.0,1.0,1.0,1.0,1.0,0.9999994429910332,1.0,1.0,0.798859208126346,1.0,0.44345407270997905,0.506868157914188,0.05689189962106032,0.41469201631190494
occ-0-768-769.1.nflxso.net,0.9953196537384074,0.9999952684352184,1.0,0.9993174545829813,0.9992877401066234,0.9992877401066234,0.9996799540889185,1.0,0.9999060189917389,0.9999060189917389,1.0,1.0,1.0,1.0,1.0,1.0,1.0,1.0,0.9999804107152428,1.0,1.0,0.40701109099176,0.44345407270997905,1.0,0.323421647064231,0.0,0.20237371377745308
nflxvideo.net,0.659031804840492,0.9094861013156097,0.9848230710430466,0.41036245113790054,0.9899806911954531,0.9899806911954531,0.9868680185306975,1.0,1.0,1.0,1.0,1.0,1.0,1.0,1.0,1.0,0.9998922897577265,1.0,0.9990061882446974,1.0,1.0,0.11148023151709187,0.506868157914188,0.323421647064231,1.0,0.017611663390451032,0.24812569980841742
nflxso.net,0.98371038789693,0.9999834295598191,1.0,0.9976122305522496,0.9975084949236174,0.9975084949236174,0.9988798830408405,1.0,0.9996826692254175,0.9996826692254175,1.0,1.0,1.0,1.0,1.0,1.0,0.9998958429923458,1.0,0.9999314311425136,1.0,1.0,0.04014273878480258,0.05689189962106032,0.0,0.017611663390451032,1.0,0.003610745941729581
netflix.com,0.9896228372586106,0.9992570668947444,0.9999985795248638,0.9933308724987603,0.9998801455003195,0.9998801455003195,0.9999994977740992,1.0,0.9990096570416338,0.9990096570416338,1.0,1.0,1.0,1.0,1.0,1.0,0.9998922897577265,1.0,0.9999994429910332,1.0,1.0,0.632141242040934,0.41469201631190494,0.20237371377745308,0.24812569980841742,0.003610745941729581,1.0
